0.487623 0.278557 0.175764 0.116915 0.0794648 0.0539091 0.0355309 0.0215829 0.0102134 
0.672435 0.451622 0.308536 0.213449 0.148012 0.10149 0.0672861 0.0410042 0.0194341 
0.751278 0.548141 0.394739 0.281842 0.199089 0.137997 0.0920673 0.0563055 0.0267329 
0.785496 0.596361 0.442161 0.321907 0.230233 0.160824 0.107805 0.0661113 0.0314314 
0.795375 0.611172 0.45746 0.335311 0.240932 0.168818 0.113392 0.0696236 0.0331214 
0.785826 0.596956 0.442937 0.322772 0.231095 0.161601 0.108432 0.0665443 0.0316478 
0.75184 0.549156 0.396062 0.283316 0.200558 0.139321 0.0931362 0.0570432 0.0271015 
0.673049 0.45273 0.309982 0.215058 0.149617 0.102936 0.0684536 0.0418099 0.0198368 
0.488055 0.279337 0.176781 0.118047 0.0805929 0.0549262 0.0363518 0.0221493 0.0104965 
78041  0.00785642  0.0102319  0.00785613  0.00377621  0.00116728  0  
0  0  0  0  0  0  0  0  0  0  
