2.71828  2.45960  2.22554  2.01375  1.82212  1.64872  1.49182  1.34986  1.22140  1.00000  
2.45960  2.27413  2.08869  1.91158  1.74546  1.59051  1.44538  1.30667  1.16611  1.00000  
2.22554  2.08869  1.94358  1.79855  1.65775  1.52262  1.39264  1.26541  1.13640  1.00000  
2.01375  1.91158  1.79855  1.68151  1.56462  1.44981  1.33735  1.22611  1.11415  1.00000  
1.82212  1.74546  1.65775  1.56462  1.46972  1.37501  1.28112  1.18777  1.09420  1.00000  
1.64872  1.59051  1.52262  1.44981  1.37501  1.29976  1.22471  1.14987  1.07502  1.00000  
1.49182  1.44538  1.39264  1.33735  1.28112  1.22471  1.16840  1.11223  1.05613  1.00000  
1.34986  1.30667  1.26541  1.22611  1.18777  1.14987  1.11223  1.07476  1.03737  1.00000  
1.22140  1.16611  1.13640  1.11415  1.09420  1.07502  1.05613  1.03737  1.01867  1.00000  
1.00000  1.00000  1.00000  1.00000  1.00000  1.00000  1.00000  1.00000  1.00000  1.00000  

